1,23/04/2023,2,20000
1,23/04/2023,2,4506000
3,23/03/2023,1,40000
4,07/04/2023,3,10000
5,25/04/2023,1,20000
6,12/05/2023,4,30000
7,17/03/2023,5,25000
8,29/04/2023,3,18000
9,08/03/2023,2,35000
10,21/04/2023,1,50000
11,03/05/2023,4,60000
12,19/04/2023,3,42000
13,26/03/2023,2,70000
14,14/05/2023,1,38000
15,27/04/2023,5,90000
16,09/04/2023,4,12000
17,22/03/2023,3,15000
18,30/04/2023,2,48000
19,11/05/2023,1,62000
20,05/03/2023,4,56000
21,28/04/2023,3,30000
22,13/05/2023,5,42000
23,18/03/2023,2,20000
24,02/05/2023,1,36000
25,15/04/2023,4,42000
26,24/03/2023,3,80000
27,06/05/2023,2,75000
28,31/03/2023,5,52000
29,10/05/2023,1,40000
30,04/04/2023,4,30000
31,20/03/2023,3,60000
32,26/04/2023,2,90000
33,09/05/2023,1,15000
34,22/04/2023,5,20000
35,05/04/2023,4,35000
36,28/03/2023,3,45000
37,11/05/2023,2,55000
38,30/04/2023,1,28000
39,16/05/2023,4,40000
40,01/04/2023,3,60000
41,24/03/2023,5,75000
42,07/05/2023,2,48000
43,19/04/2023,1,62000
44,03/05/2023,4,40000
45,27/03/2023,3,58000
46,10/05/2023,2,70000
47,25/04/2023,5,90000
48,08/05/2023,1,35000
49,21/03/2023,4,45000
50,29/04/2023,3,50000
51,12/05/2023,2,65000
52,03/04/2023,1,20000
53,16/05/2023,4,30000
54,31/03/2023,3,70000
55,14/04/2023,5,25000
56,28/05/2023,2,48000
57,11/05/2023,1,62000
58,24/04/2023,4,80000
59,07/03/2023,3,45000
60,20/05/2023,2,90000
61,04/04/2023,1,15000
62,17/03/2023,4,40000
63,30/04/2023,3,52000
64,13/05/2023,5,60000
65,26/04/2023,2,78000
66,09/05/2023,1,32000
67,22/03/2023,4,20000
68,05/05/2023,3,35000
69,18/04/2023,2,60000
70,01/05/2023,1,72000
71,14/03/2023,4,25000
72,27/05/2023,3,38000
73,10/04/2023,2,45000
74,23/04/2023,1,54000
75,06/05/2023,4,90000
76,19/03/2023,3,30000
77,02/05/2023,2,60000
78,15/04/2023,1,82000
79,28/04/2023,4,40000
80,11/05/2023,3,55000
81,24/03/2023,2,75000
82,07/05/2023,1,48000
83,20/04/2023,4,62000
84,03/05/2023,3,82000
85,16/03/2023,2,40000
86,29/04/2023,1,52000
87,12/05/2023,4,68000
88,25/03/2023,3,45000
89,08/05/2023,2,30000
90,21/04/2023,1,75000
91,04/05/2023,4,35000
92,17/03/2023,3,42000
93,30/04/2023,2,80000
94,13/05/2023,1,50000
95,26/03/2023,4,60000
96,09/05/2023,3,75000
97,22/03/2023,2,52000
98,05/05/2023,1,64000
99,18/04/2023,4,70000
100,01/05/2023,3,48000